proc xmin xmax y yerr rel
qcd 250.0 270.0 1.2863303721 1.44529187987 1.12357751261
qcd 270.0 350.0 45.0294351578 50.3225848782 1.11754865905
qcd 350.0 475.0 5.63775002956 6.35473260385 1.12717530407
qcd 475.0 1000.0 0.592446292285 0.662087693109 1.11754888457
zll 250.0 270.0 7.86477804184 0.610248868314 0.0775926370798
zll 270.0 350.0 9.89645540714 0.768384863814 0.0776424317801
zll 350.0 475.0 2.67316703685 0.208012918219 0.0778151590797
zll 475.0 1000.0 0.639518309617 0.0496501950634 0.0776368624897
dibosons 250.0 270.0 4.5155441761 0.938055795586 0.207739257773
dibosons 270.0 350.0 14.6880888939 3.05072248063 0.20770043691
dibosons 350.0 475.0 10.5641698465 2.19467898282 0.207747415529
dibosons 475.0 1000.0 7.10286428221 1.47490198269 0.207648903892
stop 250.0 270.0 8.84287834167 1.9163669338 0.216713027111
stop 270.0 350.0 18.4769546986 4.00092686405 0.2165360542
stop 350.0 475.0 7.72583158687 1.67326189527 0.216580166996
stop 475.0 1000.0 1.535500522 0.332132330501 0.216302323406
wjets 250.0 270.0 186.021881104 19.7817359612 0.106340909165
wjets 270.0 350.0 410.560379028 33.8797887817 0.0825208434917
wjets 350.0 475.0 192.361846566 18.8874994647 0.098187347449
wjets 475.0 1000.0 56.5310262144 8.73199108592 0.154463693137
ttbar 250.0 270.0 47.7061367035 7.04280436277 0.147628897442
ttbar 270.0 350.0 85.0618934631 10.4847406588 0.1232601372
ttbar 350.0 475.0 21.46117948 5.49278215564 0.255940367153
ttbar 475.0 1000.0 4.13671368733 6.36442631126 1.53852231319
data 250.0 270.0 12.5500001907 0.792148975888
data 270.0 350.0 6.55000019073 0.286138078556
data 350.0 475.0 1.87999999523 0.122637677734
data 475.0 1000.0 0.203809529543 0.0197030103482
