med hs dm twosigdown onesigdown exp onesigup twosigup
500 50 50 .9146000 1.1805000 1.5820000 2.1307000 2.7902000
500 50 100 .6124000 .7933000 1.0664000 1.4447000 1.8872000
500 50 150 .4122000 .5460000 .7354000 .9933000 1.2991000
500 50 200 .3506000 .4525000 .6064000 .8168000 1.0696000
495 50 250 .2033000 .2653000 .3589000 .4876000 .6409000
500 70 50 .5770000 .7475000 1.0049000 1.3614000 1.7916000
500 70 100 .4277000 .5587000 .7500000 1.0220000 1.3416000
500 70 150 .3139000 .4131000 .5581000 .7605000 .9983000
500 70 200 .2907000 .3780000 .5098000 .6926000 .9104000
495 70 250 .1631000 .2127000 .2900000 .3976000 .5243000
500 90 50 .2139000 .2781000 .3750000 .5080000 .6686000
500 90 100 .1679000 .2183000 .2944000 .4001000 .5258000
500 90 150 .1178000 .1532000 .2065000 .2815000 .3695000
500 90 200 .1074000 .1396000 .1882000 .2565000 .3367000
495 90 250 .0676000 .0885000 .1201000 .1637000 .2149000
1000 50 50 .1678000 .2150000 .2864000 .3857000 .5051000
1000 50 100 .1622000 .2093000 .2805000 .3778000 .4947000
1000 50 150 .1719000 .2219000 .2974000 .4029000 .5262000
1000 50 200 .1763000 .2292000 .3091000 .4200000 .5479000
1000 50 250 .1717000 .2252000 .3032000 .4144000 .5473000
1000 50 300 .1524000 .1997000 .2710000 .3693000 .4883000
1000 50 400 .1199000 .1563000 .2131000 .2913000 .3847000
1000 70 50 .1753000 .2263000 .3032000 .4108000 .5366000
1000 70 100 .1876000 .2441000 .3267000 .4438000 .5834000
1000 70 150 .1730000 .2288000 .3076000 .4167000 .5444000
1000 70 200 .1701000 .2220000 .3003000 .4068000 .5354000
1000 70 250 .1578000 .2067000 .2805000 .3823000 .5055000
1000 70 300 .1351000 .1778000 .2402000 .3322000 .4395000
1000 70 400 .1038000 .1360000 .1846000 .2530000 .3361000
1000 90 50 .0624000 .0812000 .1095000 .1483000 .1952000
1000 90 100 .0679000 .0883000 .1190000 .1622000 .2129000
1000 90 150 .0691000 .0899000 .1212000 .1647000 .2165000
1000 90 200 .0769000 .0999000 .1348000 .1826000 .2403000
1000 90 250 .0726000 .0947000 .1282000 .1747000 .2293000
1000 90 300 .0595000 .0780000 .1058000 .1442000 .1893000
1000 90 400 .0488000 .0639000 .0868000 .1183000 .1553000
1500 50 50 .0456000 .0600000 .0817000 .1119000 .1487000
1500 50 100 .0450000 .0590000 .0802000 .1099000 .1460000
1500 50 150 .0451000 .0592000 .0791000 .1103000 .1464000
1500 50 200 .0481000 .0632000 .0861000 .1180000 .1567000
1500 50 250 .0577000 .0758000 .1033000 .1416000 .1867000
1500 50 300 .0691000 .0905000 .1238000 .1697000 .2238000
1500 50 400 .0824000 .1074000 .1465000 .2008000 .2648000
1500 70 50 .0501000 .0659000 .0897000 .1230000 .1634000
1500 70 100 .0552000 .0723000 .0981000 .1345000 .1787000
1500 70 150 .0569000 .0748000 .1018000 .1395000 .1854000
1500 70 200 .0599000 .0788000 .1073000 .1479000 .1960000
1500 70 250 .0665000 .0874000 .1190000 .1631000 .2167000
1500 70 300 .0749000 .0984000 .1340000 .1837000 .2441000
1500 70 400 .0806000 .1060000 .1443000 .1978000 .2627000
1500 90 50 .0285000 .0372000 .0504000 .0686000 .0907000
1500 90 100 .0296000 .0387000 .0526000 .0716000 .0947000
1500 90 150 .0333000 .0434000 .0588000 .0801000 .1059000
1500 90 200 .0306000 .0399000 .0540000 .0736000 .0973000
1500 90 250 .0325000 .0424000 .0573000 .0781000 .1033000
1500 90 300 .0345000 .0451000 .0610000 .0831000 .1099000
1500 90 400 .0394000 .0517000 .0701000 .0956000 .1254000
2000 50 50 .0250000 .0328000 .0445000 .0610000 .0810000
2000 50 100 .0255000 .0335000 .0456000 .0627000 .0832000
2000 50 150 .2707000 .2721000 .2761000 .2860000 .3001000
2000 50 200 .0303000 .0397000 .0538000 .0738000 .0980000
2000 50 250 .0286000 .0397000 .0527000 .0742000 .0988000
2000 50 300 .0318000 .0415000 .0566000 .0776000 .1030000
2000 50 400 .0348000 .0457000 .0623000 .0856000 .1135000
2000 70 50 .0251000 .0329000 .0449000 .0613000 .0816000
2000 70 100 .0251000 .0334000 .0460000 .0634000 .0846000
2000 70 150 .0266000 .0350000 .0476000 .0653000 .0870000
2000 70 200 .2444000 .2452000 .2512000 .2602000 .2730000
2000 70 250 .2515000 .2541000 .2585000 .2678000 .2810000
2000 70 300 .0310000 .0404000 .0551000 .0755000 .1004000
2000 70 400 .0400000 .0526000 .0716000 .0981000 .1304000
2000 90 50 .0148000 .0194000 .0265000 .0358000 .0475000
2000 90 100 .0149000 .0195000 .0265000 .0360000 .0476000
2000 90 150 .0159000 .0209000 .0285000 .0388000 .0513000
2000 90 200 .0170000 .0223000 .0302000 .0411000 .0544000
2000 90 250 .0179000 .0232000 .0316000 .0428000 .0567000
2000 90 300 .0189000 .0248000 .0336000 .0457000 .0604000
2000 90 400 .0234000 .0306000 .0416000 .0563000 .0747000
2500 50 50 .0235000 .0306000 .0417000 .0572000 .0760000
2500 50 100 .0240000 .0313000 .0423000 .0581000 .0771000
2500 50 150 .0233000 .0303000 .0414000 .0567000 .0754000
2500 50 200 .0240000 .0316000 .0430000 .0590000 .0784000
2500 50 250 .0244000 .0320000 .0434000 .0597000 .0791000
2500 50 300 .0257000 .0338000 .0460000 .0632000 .0838000
2500 50 400 .0302000 .0397000 .0540000 .0743000 .0985000
2500 70 50 .0159000 .0206000 .0280000 .0384000 .0510000
2500 70 100 .0159000 .0208000 .0283000 .0388000 .0517000
2500 70 150 .0162000 .0212000 .0288000 .0395000 .0525000
2500 70 200 .0170000 .0223000 .0303000 .0417000 .0553000
2500 70 250 .0172000 .0227000 .0309000 .0424000 .0563000
2500 70 300 .0183000 .0240000 .0326000 .0447000 .0593000
2500 70 400 .0194000 .0254000 .0345000 .0473000 .0628000
2500 90 50 .0098000 .0127000 .0173000 .0234000 .0312000
2500 90 100 .0101000 .0131000 .0177000 .0240000 .0321000
2500 90 150 .0101000 .0133000 .0181000 .0246000 .0328000
2500 90 200 .0110000 .0144000 .0195000 .0264000 .0352000
2500 90 250 .0114000 .0148000 .0200000 .0270000 .0361000
2500 90 300 .0121000 .0156000 .0211000 .0287000 .0381000
2500 90 400 .0134000 .0176000 .0239000 .0326000 .0434000
3000 50 50 .0154000 .0202000 .0274000 .0375000 .0498000
3000 50 100 .0157000 .0204000 .0277000 .0380000 .0505000
3000 50 150 .0154000 .0202000 .0275000 .0376000 .0500000
3000 50 200 .0160000 .0209000 .0284000 .0389000 .0517000
3000 50 250 .0163000 .0212000 .0287000 .0396000 .0525000
3000 50 300 .0166000 .0217000 .0295000 .0404000 .0537000
3000 50 400 .0177000 .0231000 .0314000 .0430000 .0572000
3000 70 50 .0162000 .0212000 .0287000 .0394000 .0523000
3000 70 100 .0164000 .0214000 .0292000 .0400000 .0532000
3000 70 150 .0166000 .0217000 .0296000 .0405000 .0538000
3000 70 200 .0169000 .0222000 .0301000 .0413000 .0548000
3000 70 250 .0172000 .0225000 .0306000 .0419000 .0557000
3000 70 300 .0178000 .0233000 .0317000 .0435000 .0578000
3000 70 400 .0193000 .0251000 .0342000 .0469000 .0623000
3000 90 50 .0078000 .0102000 .0138000 .0188000 .0250000
3000 90 100 .0078000 .0102000 .0138000 .0188000 .0250000
3000 90 150 .0078000 .0102000 .0139000 .0190000 .0253000
3000 90 200 .0080000 .0104000 .0141000 .0192000 .0255000
3000 90 250 .0083000 .0109000 .0148000 .0201000 .0268000
3000 90 300 .0085000 .0112000 .0152000 .0206000 .0275000
3000 90 400 .0089000 .0117000 .0160000 .0218000 .0290000
